$ 1 0.000005 69.34413510434165 53 5 50 5e-11
169 0 176 80 176 0 4 0.1111111111111111 0.20152181783940432 0.02330496976157334 0.023314542048027548 0.99
v -32 240 -32 176 0 1 50 220 0 0 0.5
w 0 240 -32 240 0
w 0 176 -32 176 0
c 272 128 272 208 4 0.000009999999999999999 11.32338282042075 0.001 0.1
r 320 128 320 176 0 560
c 320 176 320 208 4 0.00009999999999999999 8.661242355551304 0.001 0
34 zener-12 1 1.7143528192810002e-7 0 2.0000000000000084 12 1
z 384 208 384 176 2 zener-12
w 384 208 320 208 0
t 384 160 384 128 1 1 -2.662779633383515 0.6601943934759511 100 default
w 384 160 384 176 0
w 320 128 368 128 0
c 464 128 464 208 4 0.00009999999999999999 8.001047962075353 0.001 0
w 384 208 464 208 0
w 464 128 400 128 0
r 528 128 528 208 0 1000
w 464 128 528 128 0
w 464 208 528 208 0
w 320 176 384 176 0
d 112 128 192 128 2 default
d 112 240 192 240 2 default
d 192 272 128 272 2 default
w 80 272 80 240 0
w 80 208 128 208 0
w 272 128 320 128 0
d 192 176 128 176 2 default
w 80 128 80 176 0
w 192 272 224 272 0
w 192 176 224 176 0
w 224 176 224 272 0
w 208 240 208 128 0
w 208 128 272 128 0
w 80 272 128 272 0
w 80 176 128 176 0
w 192 240 208 240 0
w 192 128 208 128 0
w 80 240 112 240 0
w 80 128 112 128 0
w 320 208 272 208 0
g 272 208 272 224 0 0
g 128 208 144 208 0 0
r 528 272 528 352 0 1000
g 272 352 272 368 0 0
403 384 -64 512 0 0 41_64_0_4099_10_0.0125_-1_2_41_3
c 272 272 272 352 4 0.00001 -11.324036708787007 0.001 0
w 272 352 320 352 0
w 272 272 320 272 0
t 384 320 384 352 1 1 -2.663269042161838 0.6601952882679045 100 default
c 320 304 320 272 4 0.00009999999999999999 8.66076766662517 0.001 0
z 384 272 384 304 2 zener-12
w 384 272 320 272 0
w 384 320 384 304 0
w 320 352 368 352 0
w 384 272 464 272 0
w 464 352 400 352 0
w 320 304 384 304 0
r 320 352 320 304 0 560
403 384 32 512 96 0 15_64_0_4099_10_0.0125_-1_2_15_3
c 464 272 464 352 4 0.00009999999999999999 -8.000572378357266 0.001 0
w 464 272 528 272 0
w 464 352 528 352 0
w 224 272 272 272 0
o 15 64 0 4099 10 0.0125 0 2 15 3
